position: 
      x: -0.957114027269
      y: 0.020919017017
      z: 0.0
    orientation: 
      x: 0.0
      y: -0.0
      z: -0.953203927646
      w: -0.302328087218

