image: around.pgm
resolution: 0.050000
origin: [-6.401718, -10.099167, 0.000000]
negate: 0
occupied_thresh: 0.65
free_thresh: 0.196

