image: lhc_IIT_central_Map2.pgm
resolution: 0.050000
origin: [-15.511707, -15.037902, 0.000000]
negate: 0
occupied_thresh: 0.65
free_thresh: 0.196

