image: newmap.pgm
resolution: 0.050000
origin: [-31.421988, -8.292869, 0.000000]
negate: 0
occupied_thresh: 0.65
free_thresh: 0.196

