image: SAC_Map.pgm
resolution: 0.050000
origin: [-9.730537, -21.022959, 0.000000]
negate: 0
occupied_thresh: 0.65
free_thresh: 0.196
