image: samesign.pgm
resolution: 0.050000
origin: [-5.525000, -6.759627, 0.000000]
negate: 0
occupied_thresh: 0.65
free_thresh: 0.196

