image: surveil.pgm
resolution: 0.050000
origin: [-11.175809, -15.869717, 0.000000]
negate: 0
occupied_thresh: 0.65
free_thresh: 0.196

